KySat-2                   
1 39384U 13064E   13364.06226421  .00018961  00000-0  79681-3 0   238
2 39384 040.5087 017.0798 0003382 239.4175 120.6214 15.22951101  6090
ISS (ZARYA)
1 25544U 98067A   13078.39914318  .00016593  00000-0  26787-3 0  4360
2 25544  51.6472 194.1233 0012553  33.0131  42.6751 15.52943314820762
Eagle-1 (T-LogoQube)
1 39434U 13066U   14027.18585519  .00005698  00000-0  65938-3 0   583
2 39434 097.7925 103.4294 0034222 350.7330 009.3394 14.85489548  9880
UniSat-5
1 39421U 13066F   14027.49631121  .00001363  00000-0  16768-3 0  2027
2 39421 097.7953 103.6534 0033444 352.1157 007.9522 14.84229828  9951
Eagle-2 ($50Sat)
1 39436U 13066W   14027.48246079  .00009734  00000-0  11319-2 0   682
2 39436 097.7933 103.6577 0029922 354.7180 005.3740 14.85199789  9959
CXBN
1 38762U 12048E   13259.34836909 +.00002765 +00000-0 +27347-3 0 02486
2 38762 064.6736 352.8154 0192907 185.6754 174.2151 14.81180259042446
